

%%% tache appr/vitesse %%%   2023-5-30 19:20:23
baseline = [0.00    0.00];
rest = [0.00   55.88  107.50  155.31  205.34  254.54  301.42  351.04  398.09  445.43  494.25  538.36  584.92];
seq = [25.01   80.89  132.50  180.32  230.35  279.54  326.42  376.04  423.09  470.44  519.25  563.36  609.92];
seqDur = [30.86  26.60  22.81  25.02  24.18  21.87  24.61  22.04  22.34  23.80  19.10  21.55 410.29];


%%% tache appr/vitesse %%%   2023-5-30 19:20:23
baseline = [0.00    0.00];
rest = [0.00   55.88  107.50  155.31  205.34  254.54  301.42  351.04  398.09  445.43  494.25  538.36  584.92];
seq = [25.01   80.89  132.50  180.32  230.35  279.54  326.42  376.04  423.09  470.44  519.25  563.36  609.92];
seqDur = [30.86  26.60  22.81  25.02  24.18  21.87  24.61  22.04  22.34  23.80  19.10  21.55 410.29];
